50
1
2
1
2048
dataset_geom_1
1  -823.45   512.78   A
2   134.22  -945.61   B
3   876.10   233.47   C
4  -412.90  -678.12   D
5   999.01    12.56   E
6  -150.33   847.29   F
7   421.77  -233.88   G
8  -732.60   104.94   H
9   305.18   699.40   I
10 -981.77  -341.22   J
11  540.12   890.33   K
12 -602.88   450.61   L
13  128.09  -512.74   M
14  777.45   777.45   N
15 -345.67   222.11   O
16  910.34  -120.44   P
17 -777.77  -777.77   Q
18  66.66    66.66    R
19 -890.22   321.98   S
20  231.44  -901.55   T
21  555.55   123.45   U
22 -444.44  -222.22   V
23  789.12   456.78   W
24 -321.09   876.54   X
25  100.00  -100.00   Y
26 -950.11   800.22   Z
27  875.33  -654.21   AA
28 -123.99   321.45   AB
29  456.01   987.65   AC
30 -678.55  -345.12   AD
31  234.56   789.01   AE
32 -876.99   543.21   AF
33  111.11  -999.99   AG
34  654.32   210.98   AH
35 -210.98  -654.32   AI
36  888.88   888.88   AJ
37 -333.33   444.44   AK
38  777.00  -777.00   AL
39 -555.55   555.55   AM
40  999.99  -999.99   AN
41  120.45   678.90   AO
42 -678.90   120.45   AP
43  345.67  -234.56   AQ
44 -234.56   345.67   AR
45  890.12  -456.78   AS
46 -456.78   890.12   AT
47  600.00   600.00   AU
48 -600.00  -600.00   AV
49  50.50    950.95   AW
50 -950.95   50.50    AX
