50
1
2
1
2048
dataset_geom_2
1   432.10  -321.99   A
2  -876.54   234.56   B
3   999.99   999.99   C
4  -999.99  -999.99   D
5   111.11   222.22   E
6  -333.33   444.44   F
7   555.55  -666.66   G
8  -777.77   888.88   H
9   135.79   246.80   I
10 -246.80  -135.79   J
11  908.12   123.45   K
12 -123.45   908.12   L
13  456.78  -789.01   M
14 -789.01   456.78   N
15  321.00   654.00   O
16 -654.00  -321.00   P
17  800.80   100.10   Q
18 -100.10   800.80   R
19  250.25  -950.95   S
20 -950.95   250.25   T
21  600.60   700.70   U
22 -700.70   600.60   V
23  333.00  -333.00   W
24 -333.00   333.00   X
25  910.91  -110.11   Y
26 -110.11   910.91   Z
27  444.44   555.55   AA
28 -555.55  -444.44   AB
29  777.70   222.20   AC
30 -222.20   777.70   AD
31  888.00  -111.00   AE
32 -111.00   888.00   AF
33  999.00   0.00     AG
34 -999.00   0.00     AH
35  0.00     999.00   AI
36  0.00    -999.00   AJ
37  135.00   975.00   AK
38 -975.00   135.00   AL
39  864.20  -321.40   AM
40 -321.40   864.20   AN
41  432.43   432.43   AO
42 -432.43  -432.43   AP
43  721.72  -821.82   AQ
44 -821.82   721.72   AR
45  600.00   0.00     AS
46 -600.00   0.00     AT
47  0.00     600.00   AU
48  0.00    -600.00   AV
49  50.00    50.00    AW
50 -50.00   -50.00    AX
